1664.73 40.8011 1 73.3333 0 0 0 0 0 0 21 ++
303.305 17.4157 2 -129.755 45.5231 0 0 0 0 0 214 ++
65.2226 8.07605 2 1.77613 0 0.653348 0 0 0 0 173 --
68.5573 8.27993 3 7.11118 -1.71853 0.674638 0 0 0 0 456 --
68.8397 8.29697 3 1.45652 0 0.676484 -0.004155 0 0 0 305 **
67.6448 8.22465 4 50.4369 -25.7933 3.24649 -0.408328 0 0 0 706 **
68.4886 8.27578 3 0.319431 0 0.691965 0 -0.000178068 0 0 461 **
66.3846 8.14767 4 18.9973 0 -1.91331 0.597983 -0.00351812 0 0 741 **
70.4626 8.3942 5 8.15568 8.16044 -3.41365 0.885641 -0.0044517 0 0 1541 **
65.745 8.10833 4 8.83929 0 0.264498 0 0.00469206 -1.513e-05 0 873 **
69.7973 8.35448 5 15.0079 -3.07364 0.422737 0 0.00369596 -1.28231e-05 0 1714 **
69.8531 8.35782 5 9.25778 0 0.179992 0.022766 0.00439764 -1.46104e-05 0 1425 **
74.5038 8.63156 6 50.9512 -59.6075 18.6942 -4.12154 0.0380839 -6.28149e-05 0 1602 **
71.7278 8.46922 5 -1.09893 0 0.85245 0 -0.00546135 5.14482e-05 -1.46831e-07 690 **
75.1539 8.66914 6 -2.11669 0 2.44794 -0.601429 0.0138164 -4.00087e-05 2.83777e-08 1241 --
77.3985 8.79764 7 187.569 -219.889 67.0714 -15.3612 0.162761 -0.000421324 5.18316e-07 2615 --
